00000.jpg
0.99975	-0.00220	-0.02244	-0.06207
0.00245	0.99994	0.01090	1.65145
0.02242	-0.01095	0.99969	-0.06408
0.00000	0.00000	0.00000	1.00000
00001.jpg
0.99976	-0.02053	0.00810	-0.05144
0.02116	0.99590	-0.08798	1.64201
-0.00626	0.08813	0.99609	-0.04991
0.00000	0.00000	0.00000	1.00000
00002.jpg
0.98693	-0.05358	-0.15199	-0.07458
0.04309	0.99651	-0.07152	1.64332
0.15529	0.06404	0.98579	-0.05621
0.00000	0.00000	0.00000	1.00000
00003.jpg
0.87245	0.13964	0.46832	-0.00837
-0.00722	0.96188	-0.27336	1.62316
-0.48864	0.23511	0.84021	-0.07459
0.00000	0.00000	0.00000	1.00000
00004.jpg
0.97283	-0.04663	-0.22676	-0.06721
0.01510	0.99020	-0.13886	1.63784
0.23101	0.13166	0.96400	-0.05000
0.00000	0.00000	0.00000	1.00000
00005.jpg
0.96799	-0.03052	-0.24912	-0.08594
0.00997	0.99647	-0.08331	1.64136
0.25079	0.07816	0.96488	-0.06130
0.00000	0.00000	0.00000	1.00000
00006.jpg
0.93082	0.15751	-0.32981	-0.09973
0.08967	0.77637	0.62386	1.75350
0.35432	-0.61027	0.70854	-0.10847
0.00000	0.00000	0.00000	1.00000
00007.jpg
0.94400	0.16024	-0.28842	-0.08610
0.09611	0.70270	0.70496	1.74947
0.31564	-0.69321	0.64795	-0.11377
0.00000	0.00000	0.00000	1.00000
00008.jpg
0.95915	0.02063	-0.28214	-0.08940
0.18763	0.70002	0.68903	1.74265
0.21172	-0.71382	0.66756	-0.10277
0.00000	0.00000	0.00000	1.00000
00009.jpg
0.95555	0.03389	-0.29287	-0.09086
0.14911	0.80140	0.57924	1.72730
0.25434	-0.59716	0.76073	-0.05974
0.00000	0.00000	0.00000	1.00000
00010.jpg
0.94053	0.06323	-0.33377	-0.09027
0.15719	0.79002	0.59259	1.72793
0.30115	-0.60982	0.73310	-0.06278
0.00000	0.00000	0.00000	1.00000
00011.jpg
0.94539	0.06483	-0.31944	-0.08493
0.14898	0.78573	0.60036	1.73023
0.28991	-0.61516	0.73316	-0.07080
0.00000	0.00000	0.00000	1.00000
00012.jpg
0.99341	0.06870	-0.09179	-0.05313
-0.03884	0.95489	0.29442	1.65441
0.10787	-0.28892	0.95126	-0.06842
0.00000	0.00000	0.00000	1.00000
00013.jpg
0.99950	-0.03081	0.00729	-0.04910
0.03100	0.99913	-0.02798	1.65007
-0.00642	0.02819	0.99958	-0.08066
0.00000	0.00000	0.00000	1.00000
00014.jpg
0.99830	0.02715	0.05164	-0.02775
-0.02063	0.99222	-0.12278	1.63946
-0.05458	0.12151	0.99109	-0.07296
0.00000	0.00000	0.00000	1.00000
00015.jpg
0.99926	0.00236	-0.03828	-0.04192
-0.00690	0.99287	-0.11898	1.63862
0.03773	0.11916	0.99216	-0.07322
0.00000	0.00000	0.00000	1.00000
