{
    "w": 480,
    "h": 320,
    "fl_x": 465.6344771097915,
    "fl_y": 466.7279114758188,
    "cx": 224.63831279924915,
    "cy": 162.62473825912969,
    "k1": 0.0043376587697851665,
    "k2": -0.1447144395310865,
    "p1": 0.00233318940255389,
    "p2": 0.0001459691469013779,
    "camera_model": "OPENCV",
    "frames": [
        {
            "file_path": "images/frame_00001.jpg",
            "transform_matrix": [
                [
                    -0.18945260605848382,
                    -0.9211566652617074,
                    -0.3399678045073967,
                    0.3171139709006724
                ],
                [
                    0.8005621372760524,
                    -0.3453835306382754,
                    0.48970448346307627,
                    1.3268410060914475
                ],
                [
                    -0.5685138295746621,
                    -0.17938956159088523,
                    0.8028769586770952,
                    1.9739959956418922
                ],
                [
                    0.0,
                    0.0,
                    0.0,
                    1.0
                ]
            ],
            "colmap_im_id": 1
        },
        {
            "file_path": "images/frame_00002.jpg",
            "transform_matrix": [
                [
                    -0.16953564623625073,
                    -0.9196938832665912,
                    -0.35414802800139167,
                    0.2991065665788819
                ],
                [
                    0.8044386985001649,
                    -0.33673424075118624,
                    0.48937555257806126,
                    1.186922773873935
                ],
                [
                    -0.5693294696488296,
                    -0.2019237781632956,
                    0.7969258075891649,
                    1.9681508475846539
                ],
                [
                    0.0,
                    0.0,
                    0.0,
                    1.0
                ]
            ],
            "colmap_im_id": 2
        },
        {
            "file_path": "images/frame_00067.jpg",
            "transform_matrix": [
                [
                    0.2352242879470263,
                    -0.9241486933848265,
                    -0.301029445195868,
                    0.38299677483680394
                ],
                [
                    0.5991090513835416,
                    0.38174626635573716,
                    -0.7038026233780088,
                    -3.926408771994483
                ],
                [
                    0.7653351415622616,
                    -0.014797994410469046,
                    0.6434618407110871,
                    0.5119685458080667
                ],
                [
                    0.0,
                    0.0,
                    0.0,
                    1.0
                ]
            ],
            "colmap_im_id": 67
        },
        {
            "file_path": "images/frame_00003.jpg",
            "transform_matrix": [
                [
                    -0.13754728217480316,
                    -0.9251949085872382,
                    -0.3536878938988117,
                    0.37526491803053064
                ],
                [
                    0.8404365884030298,
                    -0.29798006507977387,
                    0.45263033668605346,
                    0.7893228831291458
                ],
                [
                    -0.52416322461596,
                    -0.2349941742667373,
                    0.8185540006749054,
                    2.147235518681752
                ],
                [
                    0.0,
                    0.0,
                    0.0,
                    1.0
                ]
            ],
            "colmap_im_id": 3
        },
        {
            "file_path": "images/frame_00068.jpg",
            "transform_matrix": [
                [
                    0.11800451235355118,
                    -0.9387470731538317,
                    -0.3237728643807498,
                    0.5257899948638926
                ],
                [
                    0.7874123747455096,
                    0.2871158695540021,
                    -0.5454779826426421,
                    -3.7053659558627197
                ],
                [
                    0.6050261871703058,
                    -0.19057389667885818,
                    0.7730620303331409,
                    1.075264143191968
                ],
                [
                    0.0,
                    0.0,
                    0.0,
                    1.0
                ]
            ],
            "colmap_im_id": 68
        },
        {
            "file_path": "images/frame_00004.jpg",
            "transform_matrix": [
                [
                    -0.1571514560476166,
                    -0.926576490259129,
                    -0.341700786597263,
                    0.27091656509324624
                ],
                [
                    0.829691592087038,
                    -0.31153790078994376,
                    0.46320189808707735,
                    0.6976963444845906
                ],
                [
                    -0.5356447347656748,
                    -0.21071341692087242,
                    0.817731358116674,
                    1.7207401683355703
                ],
                [
                    0.0,
                    0.0,
                    0.0,
                    1.0
                ]
            ],
            "colmap_im_id": 4
        },
        {
            "file_path": "images/frame_00069.jpg",
            "transform_matrix": [
                [
                    0.15013988965930686,
                    -0.9305623089342877,
                    -0.3339338298585192,
                    0.6345236677757141
                ],
                [
                    0.7668497959528686,
                    0.3227975224262051,
                    -0.5547460229353135,
                    -3.854025289808079
                ],
                [
                    0.6240187529074226,
                    -0.17278758261631808,
                    0.7620663011270569,
                    1.455448358188105
                ],
                [
                    0.0,
                    0.0,
                    0.0,
                    1.0
                ]
            ],
            "colmap_im_id": 69
        },
        {
            "file_path": "images/frame_00005.jpg",
            "transform_matrix": [
                [
                    -0.15598286530631017,
                    -0.9853586159914436,
                    -0.06883126921872199,
                    1.5083474665799976
                ],
                [
                    0.8258489787933507,
                    -0.16832655914611955,
                    0.53818178500578,
                    0.4766878643881878
                ],
                [
                    -0.5418881895343477,
                    0.027102903487534403,
                    0.8400134657645271,
                    1.217393452151521
                ],
                [
                    0.0,
                    0.0,
                    0.0,
                    1.0
                ]
            ],
            "colmap_im_id": 5
        },
        {
            "file_path": "images/frame_00070.jpg",
            "transform_matrix": [
                [
                    0.08234890618379076,
                    -0.9452839836595095,
                    -0.31568472862516095,
                    0.7974034563835115
                ],
                [
                    0.844790297887402,
                    0.23425946767847017,
                    -0.4810944339714547,
                    -3.8888392489117902
                ],
                [
                    0.528722999542906,
                    -0.22706979552509415,
                    0.8178577490704261,
                    1.9770341097934465
                ],
                [
                    0.0,
                    0.0,
                    0.0,
                    1.0
                ]
            ],
            "colmap_im_id": 70
        },
        {
            "file_path": "images/frame_00006.jpg",
            "transform_matrix": [
                [
                    -0.12834244240201315,
                    -0.9751840900894583,
                    -0.18040013280117417,
                    0.8020305199242717
                ],
                [
                    0.8431212079403179,
                    -0.20306971057682108,
                    0.49790493205782305,
                    0.4166150075576377
                ],
                [
                    -0.5221827708758162,
                    -0.08819684281561034,
                    0.8482608506337029,
                    1.342626098450418
                ],
                [
                    0.0,
                    0.0,
                    0.0,
                    1.0
                ]
            ],
            "colmap_im_id": 6
        },
        {
            "file_path": "images/frame_00071.jpg",
            "transform_matrix": [
                [
                    0.05759644870912056,
                    -0.9365463949914766,
                    -0.34577955278553807,
                    0.9425700882516278
                ],
                [
                    0.8941939305267893,
                    0.20241792314561352,
                    -0.3993046443487323,
                    -4.039575108880549
                ],
                [
                    0.4439593041092267,
                    -0.2861954479335504,
                    0.8491126555863865,
                    2.3636430745397328
                ],
                [
                    0.0,
                    0.0,
                    0.0,
                    1.0
                ]
            ],
            "colmap_im_id": 71
        },
        {
            "file_path": "images/frame_00007.jpg",
            "transform_matrix": [
                [
                    -0.09477986685187781,
                    -0.928379988862438,
                    -0.35934297421727884,
                    0.1614323776684825
                ],
                [
                    0.8675386328400009,
                    -0.25406979948739933,
                    0.4275807029304933,
                    0.48872095821186523
                ],
                [
                    -0.4882555656309945,
                    -0.2712178704809334,
                    0.8294862080602339,
                    1.032945477669857
                ],
                [
                    0.0,
                    0.0,
                    0.0,
                    1.0
                ]
            ],
            "colmap_im_id": 7
        },
        {
            "file_path": "images/frame_00072.jpg",
            "transform_matrix": [
                [
                    0.09196876129378875,
                    -0.9419283447744794,
                    -0.3229748291376516,
                    0.9725603093336656
                ],
                [
                    0.8425374713147675,
                    0.24648397532237862,
                    -0.478932416254939,
                    -4.429869719218126
                ],
                [
                    0.5307281379167711,
                    -0.22807157477354817,
                    0.8162787516551626,
                    2.5244748270707
                ],
                [
                    0.0,
                    0.0,
                    0.0,
                    1.0
                ]
            ],
            "colmap_im_id": 72
        },
        {
            "file_path": "images/frame_00008.jpg",
            "transform_matrix": [
                [
                    -0.1944186234320917,
                    -0.8501567139248364,
                    -0.48932091783541665,
                    0.02232961781328232
                ],
                [
                    0.7417121897235186,
                    -0.45385606686237073,
                    0.49383974950155884,
                    0.5984536665829463
                ],
                [
                    -0.641922445843977,
                    -0.26692364515108663,
                    0.7188096696490271,
                    0.536919051491142
                ],
                [
                    0.0,
                    0.0,
                    0.0,
                    1.0
                ]
            ],
            "colmap_im_id": 8
        },
        {
            "file_path": "images/frame_00073.jpg",
            "transform_matrix": [
                [
                    0.177875398359434,
                    -0.9346126063982637,
                    -0.30799288728786717,
                    0.9649092327511415
                ],
                [
                    0.7111746369952437,
                    0.33841466874498427,
                    -0.6162030084906319,
                    -4.346615818373593
                ],
                [
                    0.6801404107632157,
                    -0.10942937420851316,
                    0.7248684251001535,
                    2.6472571374945244
                ],
                [
                    0.0,
                    0.0,
                    0.0,
                    1.0
                ]
            ],
            "colmap_im_id": 73
        },
        {
            "file_path": "images/frame_00009.jpg",
            "transform_matrix": [
                [
                    -0.24076387139674493,
                    -0.8087423357846909,
                    -0.5366270516285722,
                    -0.19311666766703306
                ],
                [
                    0.4389833879792449,
                    -0.5838448345062174,
                    0.6829486029699975,
                    0.5483410142671101
                ],
                [
                    -0.8656363805364902,
                    -0.07114101158916863,
                    0.4955931932157204,
                    -0.23030592966615662
                ],
                [
                    0.0,
                    0.0,
                    0.0,
                    1.0
                ]
            ],
            "colmap_im_id": 9
        },
        {
            "file_path": "images/frame_00074.jpg",
            "transform_matrix": [
                [
                    0.12167149435844805,
                    -0.9390457499350473,
                    -0.3215417966447074,
                    1.05750859003357
                ],
                [
                    0.8094638805029422,
                    0.281352201534728,
                    -0.5153728406238341,
                    -4.061710507544487
                ],
                [
                    0.5744251679911843,
                    -0.1975702867854527,
                    0.794356159513989,
                    2.9630840528119653
                ],
                [
                    0.0,
                    0.0,
                    0.0,
                    1.0
                ]
            ],
            "colmap_im_id": 74
        },
        {
            "file_path": "images/frame_00010.jpg",
            "transform_matrix": [
                [
                    -0.23780516044212313,
                    -0.7419705331715821,
                    -0.6268400382650859,
                    -0.31595956896650423
                ],
                [
                    0.30944625491273764,
                    -0.6695995074260377,
                    0.6751885032902208,
                    0.9323788723810076
                ],
                [
                    -0.9207017546347878,
                    -0.033409991916879954,
                    0.3888342210409688,
                    -0.8109509386798123
                ],
                [
                    0.0,
                    0.0,
                    0.0,
                    1.0
                ]
            ],
            "colmap_im_id": 10
        },
        {
            "file_path": "images/frame_00075.jpg",
            "transform_matrix": [
                [
                    0.09200865284581142,
                    -0.9389727365359551,
                    -0.33145830483437644,
                    0.9578938775262293
                ],
                [
                    0.8731193278284087,
                    0.2361148891309465,
                    -0.426511897258621,
                    -3.6561380599725126
                ],
                [
                    0.4787452842315698,
                    -0.25015986723065775,
                    0.8415598574392513,
                    2.8525272734081595
                ],
                [
                    0.0,
                    0.0,
                    0.0,
                    1.0
                ]
            ],
            "colmap_im_id": 75
        },
        {
            "file_path": "images/frame_00011.jpg",
            "transform_matrix": [
                [
                    -0.25874247816922186,
                    -0.6809559660152187,
                    -0.6850921852854038,
                    -0.5236523577013937
                ],
                [
                    0.0010618746004376885,
                    -0.7094446487394127,
                    0.7047603584179121,
                    1.1248708880637337
                ],
                [
                    -0.9659457554196209,
                    0.18162395966196698,
                    0.184286556383057,
                    -1.4785834014519528
                ],
                [
                    0.0,
                    0.0,
                    0.0,
                    1.0
                ]
            ],
            "colmap_im_id": 11
        },
        {
            "file_path": "images/frame_00076.jpg",
            "transform_matrix": [
                [
                    0.0647704164539083,
                    -0.9978483542388344,
                    -0.010171287786577212,
                    1.7456547086335628
                ],
                [
                    0.9675254007718456,
                    0.06529129382003705,
                    -0.24419591686304912,
                    -3.2043023194431286
                ],
                [
                    0.24433459029303833,
                    0.0059756919394897716,
                    0.9696725731359928,
                    2.5676513576405045
                ],
                [
                    0.0,
                    0.0,
                    0.0,
                    1.0
                ]
            ],
            "colmap_im_id": 76
        },
        {
            "file_path": "images/frame_00012.jpg",
            "transform_matrix": [
                [
                    -0.21353613195955187,
                    -0.7363455801660052,
                    -0.6420260951999865,
                    -0.7178594253923096
                ],
                [
                    -0.07251906659868644,
                    -0.6434233909145052,
                    0.7620677955429785,
                    1.6144810344455232
                ],
                [
                    -0.9742398602640974,
                    0.20928814250709288,
                    0.08399504794047526,
                    -1.7937762068436862
                ],
                [
                    0.0,
                    0.0,
                    0.0,
                    1.0
                ]
            ],
            "colmap_im_id": 12
        },
        {
            "file_path": "images/frame_00077.jpg",
            "transform_matrix": [
                [
                    0.04365129062195558,
                    -0.9990462697581678,
                    -0.001056271427085775,
                    1.7917482300773246
                ],
                [
                    0.9636803825152931,
                    0.04238482678330027,
                    -0.26367337145363745,
                    -3.1625933610653982
                ],
                [
                    0.26346666806678953,
                    0.01049177491369958,
                    0.964611443782907,
                    2.6907340345836332
                ],
                [
                    0.0,
                    0.0,
                    0.0,
                    1.0
                ]
            ],
            "colmap_im_id": 77
        },
        {
            "file_path": "images/frame_00013.jpg",
            "transform_matrix": [
                [
                    -0.202414438466998,
                    -0.7180163375073265,
                    -0.6659436418892027,
                    -0.8618430522483321
                ],
                [
                    -0.2663737081507968,
                    -0.6140127973306325,
                    0.7429894563990835,
                    2.188248323457114
                ],
                [
                    -0.9423764867111678,
                    0.3277816709133937,
                    -0.06697561875144994,
                    -2.5494611524613213
                ],
                [
                    0.0,
                    0.0,
                    0.0,
                    1.0
                ]
            ],
            "colmap_im_id": 13
        },
        {
            "file_path": "images/frame_00078.jpg",
            "transform_matrix": [
                [
                    0.019483582932347476,
                    -0.9995704911420524,
                    -0.02189116794861207,
                    1.5753123378043288
                ],
                [
                    0.9969037121008081,
                    0.021090587107225774,
                    -0.07575074874284657,
                    -2.593416960445059
                ],
                [
                    0.07617991070976447,
                    -0.020347490594874937,
                    0.9968864533289353,
                    2.3759806670016426
                ],
                [
                    0.0,
                    0.0,
                    0.0,
                    1.0
                ]
            ],
            "colmap_im_id": 78
        },
        {
            "file_path": "images/frame_00014.jpg",
            "transform_matrix": [
                [
                    -0.16637203114370314,
                    -0.6769465938841275,
                    -0.7169823263385205,
                    -0.9801767137734175
                ],
                [
                    -0.3360883097708467,
                    -0.6446482367736381,
                    0.6866391329221013,
                    2.569641157425412
                ],
                [
                    -0.9270194147311557,
                    0.35520692540168386,
                    -0.12026240001841142,
                    -2.6542808260314565
                ],
                [
                    0.0,
                    0.0,
                    0.0,
                    1.0
                ]
            ],
            "colmap_im_id": 14
        },
        {
            "file_path": "images/frame_00079.jpg",
            "transform_matrix": [
                [
                    0.017442408414881146,
                    -0.9998165509809425,
                    0.007913707933765758,
                    1.6606440571338705
                ],
                [
                    0.9988472942277163,
                    0.0170704017225048,
                    -0.04486294906715739,
                    -2.132802018514586
                ],
                [
                    0.04471962882961503,
                    0.00868710363727571,
                    0.9989618055900519,
                    2.53977960034959
                ],
                [
                    0.0,
                    0.0,
                    0.0,
                    1.0
                ]
            ],
            "colmap_im_id": 79
        },
        {
            "file_path": "images/frame_00015.jpg",
            "transform_matrix": [
                [
                    -0.1911139787684912,
                    -0.7776837165536318,
                    -0.5989018985832381,
                    -1.1928152326649784
                ],
                [
                    -0.13368447188164811,
                    -0.5838406869412982,
                    0.8007861851016399,
                    3.0238756760950234
                ],
                [
                    -0.9724216724739333,
                    0.2331053179986325,
                    0.007615879709850979,
                    -3.0731277885494026
                ],
                [
                    0.0,
                    0.0,
                    0.0,
                    1.0
                ]
            ],
            "colmap_im_id": 15
        },
        {
            "file_path": "images/frame_00080.jpg",
            "transform_matrix": [
                [
                    -0.041202992748353484,
                    -0.9991015143714105,
                    0.009923576438655754,
                    1.7206313192956728
                ],
                [
                    0.9990931280582351,
                    -0.04130529073637708,
                    -0.01033413876402282,
                    -1.979668120919569
                ],
                [
                    0.010734749898802829,
                    0.009488779581067069,
                    0.9998973588357318,
                    2.6070420015570894
                ],
                [
                    0.0,
                    0.0,
                    0.0,
                    1.0
                ]
            ],
            "colmap_im_id": 80
        },
        {
            "file_path": "images/frame_00016.jpg",
            "transform_matrix": [
                [
                    -0.1934537538815471,
                    -0.8045037162766161,
                    -0.5615598059033887,
                    -1.2409998868061978
                ],
                [
                    -0.1278692531131659,
                    -0.5468156461872961,
                    0.8274310262451188,
                    3.4359619194968896
                ],
                [
                    -0.9727410237146464,
                    0.2318758710644201,
                    0.0029122501090391314,
                    -2.982907403042383
                ],
                [
                    0.0,
                    0.0,
                    0.0,
                    1.0
                ]
            ],
            "colmap_im_id": 16
        },
        {
            "file_path": "images/frame_00081.jpg",
            "transform_matrix": [
                [
                    -0.027436023646334122,
                    -0.9988431619451358,
                    -0.039491802211612366,
                    1.7513423435679532
                ],
                [
                    0.9993589182476643,
                    -0.026498336305765674,
                    -0.02407468986061284,
                    -1.8274493752447003
                ],
                [
                    0.023000372286898944,
                    -0.04012699849814159,
                    0.9989298308020409,
                    2.5932015377083175
                ],
                [
                    0.0,
                    0.0,
                    0.0,
                    1.0
                ]
            ],
            "colmap_im_id": 81
        },
        {
            "file_path": "images/frame_00017.jpg",
            "transform_matrix": [
                [
                    -0.20315653818711227,
                    -0.775901024777566,
                    -0.5972478721108608,
                    -1.2750815147697268
                ],
                [
                    -0.16474672020742728,
                    -0.5741850571994799,
                    0.8019788265719522,
                    3.5627637842728954
                ],
                [
                    -0.9651869969973299,
                    0.2613218701868497,
                    -0.011177700538270335,
                    -3.111008465369573
                ],
                [
                    0.0,
                    0.0,
                    0.0,
                    1.0
                ]
            ],
            "colmap_im_id": 17
        },
        {
            "file_path": "images/frame_00082.jpg",
            "transform_matrix": [
                [
                    -0.02071520095776915,
                    -0.9993824317047044,
                    -0.028383721554282492,
                    1.7210966225947417
                ],
                [
                    0.9996897904125825,
                    -0.02031222254931665,
                    -0.014413069067817252,
                    -1.844219306403174
                ],
                [
                    0.013827631544334642,
                    -0.028673486273887806,
                    0.9994931854649012,
                    2.58438635160564
                ],
                [
                    0.0,
                    0.0,
                    0.0,
                    1.0
                ]
            ],
            "colmap_im_id": 82
        },
        {
            "file_path": "images/frame_00018.jpg",
            "transform_matrix": [
                [
                    -0.15657037809256458,
                    -0.7891588729846968,
                    -0.5938972890100398,
                    -1.1219342809996955
                ],
                [
                    -0.10598906867169086,
                    -0.5844160223561691,
                    0.8045024736664893,
                    3.6003284799556687
                ],
                [
                    -0.981963356763407,
                    0.18890787702718218,
                    0.007860023602008999,
                    -2.583226550439573
                ],
                [
                    0.0,
                    0.0,
                    0.0,
                    1.0
                ]
            ],
            "colmap_im_id": 18
        },
        {
            "file_path": "images/frame_00083.jpg",
            "transform_matrix": [
                [
                    -0.01960365117883777,
                    -0.9940361279771751,
                    -0.10727475535559909,
                    1.6665707263922056
                ],
                [
                    0.9970257213607892,
                    -0.011437492138979872,
                    -0.07621610537523667,
                    -2.187652664474129
                ],
                [
                    0.07453460810560998,
                    -0.10844980428620402,
                    0.9913038041613818,
                    2.51826604131422
                ],
                [
                    0.0,
                    0.0,
                    0.0,
                    1.0
                ]
            ],
            "colmap_im_id": 83
        },
        {
            "file_path": "images/frame_00019.jpg",
            "transform_matrix": [
                [
                    -0.19052339809067653,
                    -0.7852997219769735,
                    -0.5890714569921632,
                    -1.0803126622633779
                ],
                [
                    -0.14896603289533372,
                    -0.5699865330247089,
                    0.8080374206767273,
                    3.440685722971148
                ],
                [
                    -0.9703143592792016,
                    0.24170167321175237,
                    -0.008387213078927007,
                    -2.4833329848735612
                ],
                [
                    0.0,
                    0.0,
                    0.0,
                    1.0
                ]
            ],
            "colmap_im_id": 19
        },
        {
            "file_path": "images/frame_00084.jpg",
            "transform_matrix": [
                [
                    0.059307594137044894,
                    -0.9934759832909548,
                    -0.09740677544065612,
                    1.6488106391246393
                ],
                [
                    0.9927170073540001,
                    0.06894811239163376,
                    -0.09878816279164508,
                    -2.728273427330107
                ],
                [
                    0.10485968046772547,
                    -0.09083847434706005,
                    0.9903296516769076,
                    2.4937357401765894
                ],
                [
                    0.0,
                    0.0,
                    0.0,
                    1.0
                ]
            ],
            "colmap_im_id": 84
        },
        {
            "file_path": "images/frame_00020.jpg",
            "transform_matrix": [
                [
                    -0.15950333270406244,
                    -0.8372494573566768,
                    -0.5230411389290973,
                    -0.9501752694243735
                ],
                [
                    0.1096480324748871,
                    -0.5415711328180429,
                    0.8334734651280552,
                    3.3798618850180504
                ],
                [
                    -0.9810891885199241,
                    0.0755913636213284,
                    0.17818515627061876,
                    -1.948710753950696
                ],
                [
                    0.0,
                    0.0,
                    0.0,
                    1.0
                ]
            ],
            "colmap_im_id": 20
        },
        {
            "file_path": "images/frame_00085.jpg",
            "transform_matrix": [
                [
                    0.05726745307642447,
                    -0.9958365320529265,
                    -0.07092277664432016,
                    1.6439595546461596
                ],
                [
                    0.9643016080075709,
                    0.07357082065479907,
                    -0.25438109824079397,
                    -3.1492757900535757
                ],
                [
                    0.2585398375727667,
                    -0.05382318995544574,
                    0.9644999826909628,
                    2.3434635228235403
                ],
                [
                    0.0,
                    0.0,
                    0.0,
                    1.0
                ]
            ],
            "colmap_im_id": 85
        },
        {
            "file_path": "images/frame_00021.jpg",
            "transform_matrix": [
                [
                    -0.21471003449830797,
                    -0.8288730895618347,
                    -0.5165936531607354,
                    -0.953098265720781
                ],
                [
                    0.06936375969984178,
                    -0.5405348971618863,
                    0.8384573297374719,
                    3.5560266328571095
                ],
                [
                    -0.9742116145509855,
                    0.144192324172987,
                    0.17355202022320046,
                    -1.8463886308682074
                ],
                [
                    0.0,
                    0.0,
                    0.0,
                    1.0
                ]
            ],
            "colmap_im_id": 21
        },
        {
            "file_path": "images/frame_00086.jpg",
            "transform_matrix": [
                [
                    0.0733020206426782,
                    -0.9563707487219028,
                    -0.28281054569942615,
                    0.7977085510694458
                ],
                [
                    0.9475433911173136,
                    0.1552453477734823,
                    -0.27939292035517316,
                    -3.3384664765743612
                ],
                [
                    0.31110823794879156,
                    -0.24749519790047922,
                    0.9175825800965276,
                    2.198416266498913
                ],
                [
                    0.0,
                    0.0,
                    0.0,
                    1.0
                ]
            ],
            "colmap_im_id": 86
        },
        {
            "file_path": "images/frame_00022.jpg",
            "transform_matrix": [
                [
                    -0.18491593133260087,
                    -0.8648084426175524,
                    -0.46681094237046356,
                    -0.9480295567482943
                ],
                [
                    0.19196979394001762,
                    -0.4976382618445844,
                    0.8458745524975486,
                    3.6832537930310276
                ],
                [
                    -0.963822440366494,
                    0.06680208024982785,
                    0.25803834118260716,
                    -1.6938829151616521
                ],
                [
                    0.0,
                    0.0,
                    0.0,
                    1.0
                ]
            ],
            "colmap_im_id": 22
        },
        {
            "file_path": "images/frame_00087.jpg",
            "transform_matrix": [
                [
                    0.12343139180059055,
                    -0.9780970812921174,
                    -0.1676030760040229,
                    0.6766250047958456
                ],
                [
                    0.8652259775704858,
                    0.18877996085246004,
                    -0.46448480504505285,
                    -3.7635923322711595
                ],
                [
                    0.4859513342458957,
                    -0.08768252932246431,
                    0.8695763766318915,
                    1.967529482355674
                ],
                [
                    0.0,
                    0.0,
                    0.0,
                    1.0
                ]
            ],
            "colmap_im_id": 87
        },
        {
            "file_path": "images/frame_00023.jpg",
            "transform_matrix": [
                [
                    -0.19077213108343033,
                    -0.8526994887326587,
                    -0.4863225019644363,
                    -1.0917316716805086
                ],
                [
                    0.14820909390108689,
                    -0.5147619238816412,
                    0.8444253822610321,
                    3.8209846194252157
                ],
                [
                    -0.9703813984650084,
                    0.08901541235501872,
                    0.22458004781449464,
                    -2.280210348503958
                ],
                [
                    0.0,
                    0.0,
                    0.0,
                    1.0
                ]
            ],
            "colmap_im_id": 23
        },
        {
            "file_path": "images/frame_00088.jpg",
            "transform_matrix": [
                [
                    0.1111774550567557,
                    -0.9796388819600953,
                    -0.16717426368636404,
                    0.5034485703608524
                ],
                [
                    0.8306664393472921,
                    0.1839478279997039,
                    -0.525505911590234,
                    -3.4628939480346697
                ],
                [
                    0.5455573663962339,
                    -0.0804416404989746,
                    0.8342039933041794,
                    1.3452289750908528
                ],
                [
                    0.0,
                    0.0,
