{
    "w": 480,
    "h": 320,
    "fl_x": 465.6344771097915,
    "fl_y": 466.7279114758188,
    "cx": 224.63831279924915,
    "cy": 162.62473825912969,
    "k1": 0.0043376587697851665,
    "k2": -0.1447144395310865,
    "p1": 0.00233318940255389,
    "p2": 0.0001459691469013779,
    "camera_model": "OPENCV",
    "frames": [
        {
            "file_path": "images/frame_00001.jpg",
            "transform_matrix": [
                [
                    -0.34289,
                    -0.37509,
                    -0.86124,
                    0.22022
                ],
                [
                    -0.07491,
                    0.92482,
                    -0.37296,
                    1.64796
                ],
                [
                    0.93639,
                    -0.06336,
                    -0.34521,
                    -0.38448
                ],
                [
                    0.0,
                    0.0,
                    0.0,
                    1.0
                ]
            ],
            "colmap_im_id": 1
        },
        {
            "file_path": "images/frame_00002.jpg",
            "transform_matrix": [
                [
                    -0.27805,
                    -0.39503,
                    -0.87558,
                    0.23679
                ],
                [
                    -0.10619,
                    0.91858,
                    -0.38071,
                    1.66311
                ],
                [
                    0.95468,
                    -0.01288,
                    -0.29736,
                    -0.59033
                ],
                [
                    0.0,
                    0.0,
                    0.0,
                    1.0
                ]
            ],
            "colmap_im_id": 2
        },
        {
            "file_path": "images/frame_00003.jpg",
            "transform_matrix": [
                [
                    -0.29264,
                    -0.36852,
                    -0.88236,
                    0.06113
                ],
                [
                    -0.08807,
                    0.92922,
                    -0.35888,
                    1.6653
                ],
                [
                    0.95216,
                    -0.02732,
                    -0.30438,
                    -0.56929
                ],
                [
                    0.0,
                    0.0,
                    0.0,
                    1.0
                ]
            ],
            "colmap_im_id": 3
        },
        {
            "file_path": "images/frame_00004.jpg",
            "transform_matrix": [
                [
                    -0.34158,
                    -0.13565,
                    -0.93001,
                    -0.05646
                ],
                [
                    -0.07778,
                    0.99021,
                    -0.11587,
                    1.20033
                ],
                [
                    0.93663,
                    0.03276,
                    -0.34879,
                    -0.66721
                ],
                [
                    0.0,
                    0.0,
                    0.0,
                    1.0
                ]
            ],
            "colmap_im_id": 4
        },
        {
            "file_path": "images/frame_00005.jpg",
            "transform_matrix": [
                [
                    -0.31967,
                    -0.06819,
                    -0.94507,
                    -0.05632
                ],
                [
                    -0.06345,
                    0.99671,
                    -0.05046,
                    0.9979
                ],
                [
                    0.9454,
                    0.04383,
                    -0.32294,
                    -0.68969
                ],
                [
                    0.0,
                    0.0,
                    0.0,
                    1.0
                ]
            ],
            "colmap_im_id": 5
        },
        {
            "file_path": "images/frame_00006.jpg",
            "transform_matrix": [
                [
                    -0.27979,
                    -0.22708,
                    -0.93282,
                    -0.10873
                ],
                [
                    -0.09722,
                    0.97333,
                    -0.20778,
                    1.35511
                ],
                [
                    0.95513,
                    0.03256,
                    -0.2944,
                    -0.67178
                ],
                [
                    0.0,
                    0.0,
                    0.0,
                    1.0
                ]
            ],
            "colmap_im_id": 6
        },
        {
            "file_path": "images/frame_00008.jpg",
            "transform_matrix": [
                [
                    -0.22462,
                    -0.421,
                    -0.87881,
                    -0.22546
                ],
                [
                    -0.1314,
                    0.9067,
                    -0.40078,
                    1.64332
                ],
                [
                    0.96555,
                    0.02545,
                    -0.25899,
                    -0.58742
                ],
                [
                    0.0,
                    0.0,
                    0.0,
                    1.0
                ]
            ],
            "colmap_im_id": 8
        },
        {
            "file_path": "images/frame_00009.jpg",
            "transform_matrix": [
                [
                    -0.43442,
                    -0.47016,
                    -0.76826,
                    -0.51713
                ],
                [
                    -0.07282,
                    0.86849,
                    -0.49033,
                    1.64924
                ],
                [
                    0.89776,
                    -0.15706,
                    -0.41152,
                    -0.40099
                ],
                [
                    0.0,
                    0.0,
                    0.0,
                    1.0
                ]
            ],
            "colmap_im_id": 9
        },
        {
            "file_path": "images/frame_00010.jpg",
            "transform_matrix": [
                [
                    -0.66328,
                    -0.39269,
                    -0.63706,
                    -0.83242
                ],
                [
                    -0.07989,
                    0.88356,
                    -0.46145,
                    1.6521
                ],
                [
                    0.74409,
                    -0.25518,
                    -0.61742,
                    -0.30647
                ],
                [
                    0.0,
                    0.0,
                    0.0,
                    1.0
                ]
            ],
            "colmap_im_id": 10
        },
        {
            "file_path": "images/frame_00011.jpg",
            "transform_matrix": [
                [
                    -0.82317,
                    -0.33582,
                    -0.45783,
                    -1.05564
                ],
                [
                    -0.06708,
                    0.85821,
                    -0.50889,
                    1.63377
                ],
                [
                    0.56382,
                    -0.38819,
                    -0.72898,
                    -0.04836
                ],
                [
                    0.0,
                    0.0,
                    0.0,
                    1.0
                ]
            ],
            "colmap_im_id": 11
        },
        {
            "file_path": "images/frame_00012.jpg",
            "transform_matrix": [
                [
                    -0.95308,
                    -0.17672,
                    -0.24577,
                    -1.3515
                ],
                [
                    -0.01605,
                    0.84025,
                    -0.54196,
                    1.64002
                ],
                [
                    0.30229,
                    -0.51258,
                    -0.80367,
                    0.18408
                ],
                [
                    0.0,
                    0.0,
                    0.0,
                    1.0
                ]
            ],
            "colmap_im_id": 12
        },
        {
            "file_path": "images/frame_00013.jpg",
            "transform_matrix": [
                [
                    -0.97573,
                    -0.14301,
                    -0.16581,
                    -1.44464
                ],
                [
                    -0.05254,
                    0.88805,
                    -0.45673,
                    1.66269
                ],
                [
                    0.21256,
                    -0.43694,
                    -0.87402,
                    0.48544
                ],
                [
                    0.0,
                    0.0,
                    0.0,
                    1.0
                ]
            ],
            "colmap_im_id": 13
        },
        {
            "file_path": "images/frame_00014.jpg",
            "transform_matrix": [
                [
                    -0.99945,
                    -0.0303,
                    0.01338,
                    -1.68138
                ],
                [
                    -0.03309,
                    0.89829,
                    -0.43816,
                    1.65566
                ],
                [
                    0.00126,
                    -0.43837,
                    -0.8988,
                    0.79974
                ],
                [
                    0.0,
                    0.0,
                    0.0,
                    1.0
                ]
            ],
            "colmap_im_id": 14
        },
        {
            "file_path": "images/frame_00015.jpg",
            "transform_matrix": [
                [
                    -0.99684,
                    -0.02941,
                    0.07374,
                    -1.70809
                ],
                [
                    -0.06238,
                    0.86468,
                    -0.49844,
                    1.65707
                ],
                [
                    -0.0491,
                    -0.50147,
                    -0.86378,
                    1.01971
                ],
                [
                    0.0,
                    0.0,
                    0.0,
                    1.0
                ]
            ],
            "colmap_im_id": 15
        },
        {
            "file_path": "images/frame_00016.jpg",
            "transform_matrix": [
                [
                    -0.99921,
                    -0.02717,
                    0.02894,
                    -1.85561
                ],
                [
                    -0.03739,
                    0.88902,
                    -0.45635,
                    1.66027
                ],
                [
                    -0.01333,
                    -0.45707,
                    -0.88933,
                    1.1899
                ],
                [
                    0.0,
                    0.0,
                    0.0,
                    1.0
                ]
            ],
            "colmap_im_id": 16
        },
        {
            "file_path": "images/frame_00017.jpg",
            "transform_matrix": [
                [
                    -0.97484,
                    -0.16057,
                    -0.15464,
                    -1.72795
                ],
                [
                    -0.08628,
                    0.91137,
                    -0.40245,
                    1.66537
                ],
                [
                    0.20556,
                    -0.37898,
                    -0.90229,
                    1.36118
                ],
                [
                    0.0,
                    0.0,
                    0.0,
                    1.0
                ]
            ],
            "colmap_im_id": 17
        },
        {
            "file_path": "images/frame_00018.jpg",
            "transform_matrix": [
                [
                    -0.99161,
                    -0.08816,
                    -0.09453,
                    -1.75026
                ],
                [
                    -0.04503,
                    0.92114,
                    -0.38663,
                    1.67242
                ],
                [
                    0.12116,
                    -0.37913,
                    -0.91738,
                    1.52074
                ],
                [
                    0.0,
                    0.0,
                    0.0,
                    1.0
                ]
            ],
            "colmap_im_id": 18
        },
        {
            "file_path": "images/frame_00019.jpg",
            "transform_matrix": [
                [
                    -0.98042,
                    -0.15709,
                    -0.11877,
                    -1.53118
                ],
                [
                    -0.10206,
                    0.92107,
                    -0.37579,
                    1.66889
                ],
                [
                    0.16843,
                    -0.3563,
                    -0.91906,
                    1.4632
                ],
                [
                    0.0,
                    0.0,
                    0.0,
                    1.0
                ]
            ],
            "colmap_im_id": 19
        },
        {
            "file_path": "images/frame_00020.jpg",
            "transform_matrix": [
                [
                    -0.9894,
                    -0.10468,
                    -0.10066,
                    -1.47495
                ],
                [
                    -0.05932,
                    0.92398,
                    -0.37781,
                    1.66891
                ],
                [
                    0.13256,
                    -0.36784,
                    -0.92039,
                    1.36906
                ],
                [
                    0.0,
                    0.0,
                    0.0,
                    1.0
                ]
            ],
            "colmap_im_id": 20
        },
        {
            "file_path": "images/frame_00021.jpg",
            "transform_matrix": [
                [
                    -0.92202,
                    -0.23132,
                    -0.31043,
                    -1.24697
                ],
                [
                    -0.11542,
                    0.92965,
                    -0.34991,
                    1.67134
                ],
                [
                    0.36953,
                    -0.28679,
                    -0.88386,
                    1.25419
                ],
                [
                    0.0,
                    0.0,
                    0.0,
                    1.0
                ]
            ],
            "colmap_im_id": 21
        },
        {
            "file_path": "images/frame_00022.jpg",
            "transform_matrix": [
                [
                    -0.93686,
                    -0.16955,
                    -0.30584,
                    -1.16791
                ],
                [
                    -0.05644,
                    0.93644,
                    -0.34626,
                    1.6727
                ],
                [
                    0.34511,
                    -0.30714,
                    -0.88688,
                    1.30647
                ],
                [
                    0.0,
                    0.0,
                    0.0,
                    1.0
                ]
            ],
            "colmap_im_id": 22
        },
        {
            "file_path": "images/frame_00023.jpg",
            "transform_matrix": [
                [
                    -0.88596,
                    -0.22566,
                    -0.40517,
                    -1.07783
                ],
                [
                    -0.0953,
                    0.94358,
                    -0.31715,
                    1.68085
                ],
                [
                    0.45387,
                    -0.24237,
                    -0.85747,
                    1.33886
                ],
                [
                    0.0,
                    0.0,
                    0.0,
                    1.0
                ]
            ],
            "colmap_im_id": 23
        },
        {
            "file_path": "images/frame_00024.jpg",
            "transform_matrix": [
                [
                    -0.90258,
                    -0.2114,
                    -0.37504,
                    -1.31694
                ],
                [
                    -0.08372,
                    0.94069,
                    -0.32876,
                    1.67111
                ],
                [
                    0.4223,
                    -0.26533,
                    -0.86675,
                    1.48506
                ],
                [
                    0.0,
                    0.0,
                    0.0,
                    1.0
                ]
            ],
            "colmap_im_id": 24
        },
        {
            "file_path": "images/frame_00025.jpg",
            "transform_matrix": [
                [
                    -0.96428,
                    -0.12183,
                    -0.23519,
                    -1.49906
                ],
                [
                    -0.03636,
                    0.94042,
                    -0.33805,
                    1.6748
                ],
                [
                    0.26236,
                    -0.31743,
                    -0.91127,
                    1.62623
                ],
                [
                    0.0,
                    0.0,
                    0.0,
                    1.0
                ]
            ],
            "colmap_im_id": 25
        },
        {
            "file_path": "images/frame_00026.jpg",
            "transform_matrix": [
                [
                    -0.98062,
                    -0.08929,
                    -0.17437,
                    -1.7694
                ],
                [
                    -0.02723,
                    0.94357,
                    -0.33005,
                    1.66836
                ],
                [
                    0.194,
                    -0.31891,
                    -0.92772,
                    1.67862
                ],
                [
                    0.0,
                    0.0,
                    0.0,
                    1.0
                ]
            ],
            "colmap_im_id": 26
        },
        {
            "file_path": "images/frame_00027.jpg",
            "transform_matrix": [
                [
                    -0.99481,
                    -0.05639,
                    -0.08471,
                    -2.0046
                ],
                [
                    -0.02492,
                    0.94206,
                    -0.3345,
                    1.67834
                ],
                [
                    0.09867,
                    -0.33066,
                    -0.93858,
                    1.67092
                ],
                [
                    0.0,
                    0.0,
                    0.0,
                    1.0
                ]
            ],
            "colmap_im_id": 27
        },
        {
            "file_path": "images/frame_00028.jpg",
            "transform_matrix": [
                [
                    -0.99697,
                    0.0373,
                    0.06829,
                    -2.28347
                ],
                [
                    0.01159,
                    0.93902,
                    -0.34368,
                    1.67008
                ],
                [
                    -0.07694,
                    -0.34185,
                    -0.9366,
                    1.61923
                ],
                [
                    0.0,
                    0.0,
                    0.0,
                    1.0
                ]
            ],
            "colmap_im_id": 28
        },
        {
            "file_path": "images/frame_00029.jpg",
            "transform_matrix": [
                [
                    -0.95498,
                    0.07289,
                    0.28757,
                    -2.57075
                ],
                [
                    -0.02362,
                    0.94759,
                    -0.31861,
                    1.67322
                ],
                [
                    -0.29572,
                    -0.31106,
                    -0.90321,
                    1.47457
                ],
                [
                    0.0,
                    0.0,
                    0.0,
                    1.0
                ]
            ],
            "colmap_im_id": 29
        },
        {
            "file_path": "images/frame_00030.jpg",
            "transform_matrix": [
                [
                    -0.97282,
                    0.00027,
                    0.23157,
                    -2.61807
                ],
                [
                    -0.06864,
                    0.95472,
                    -0.2895,
                    1.68405
                ],
                [
                    -0.22116,
                    -0.29752,
                    -0.92875,
                    1.30674
                ],
                [
                    0.0,
                    0.0,
                    0.0,
                    1.0
                ]
            ],
            "colmap_im_id": 30
        },
        {
            "file_path": "images/frame_00031.jpg",
            "transform_matrix": [
                [
                    -0.95855,
                    -0.01972,
                    0.28424,
                    -2.59539
                ],
                [
                    -0.10485,
                    0.952,
                    -0.28757,
                    1.67564
                ],
                [
                    -0.26492,
                    -0.30545,
                    -0.91461,
                    1.03128
                ],
                [
                    0.0,
                    0.0,
                    0.0,
                    1.0
                ]
            ],
            "colmap_im_id": 31
        },
        {
            "file_path": "images/frame_00032.jpg",
            "transform_matrix": [
                [
                    -0.96675,
                    -0.03366,
                    0.25348,
                    -2.40328
                ],
                [
                    -0.09856,
                    0.96375,
                    -0.24793,
                    1.68928
                ],
                [
                    -0.23595,
                    -0.26467,
                    -0.93503,
                    0.6312
                ],
                [
                    0.0,
                    0.0,
                    0.0,
                    1.0
                ]
            ],
            "colmap_im_id": 32
        },
        {
            "file_path": "images/frame_00033.jpg",
            "transform_matrix": [
                [
                    -0.97377,
                    -0.02114,
                    0.22654,
                    -2.2848
                ],
                [
                    -0.09268,
                    0.94617,
                    -0.31012,
                    1.66824
                ],
                [
                    -0.20779,
                    -0.32298,
                    -0.92331,
                    0.22632
                ],
                [
                    0.0,
                    0.0,
                    0.0,
                    1.0
                ]
            ],
            "colmap_im_id": 33
        },
        {
            "file_path": "images/frame_00034.jpg",
            "transform_matrix": [
                [
                    -0.97572,
                    0.00346,
                    0.219,
                    -2.21625
                ],
                [
                    -0.09336,
                    0.89792,
                    -0.43014,
                    1.65607
                ],
                [
                    -0.19813,
                    -0.44014,
                    -0.8758,
                    -0.17404
                ],
                [
                    0.0,
                    0.0,
                    0.0,
                    1.0
                ]
            ],
            "colmap_im_id": 34
        },
        {
            "file_path": "images/frame_00035.jpg",
            "transform_matrix": [
                [
                    -0.95214,
                    0.09823,
                    0.28946,
                    -2.24201
                ],
                [
                    -0.06311,
                    0.86338,
                    -0.50059,
                    1.65373
                ],
                [
                    -0.29908,
                    -0.4949,
                    -0.81586,
                    -0.52101
                ],
                [
                    0.0,
                    0.0,
                    0.0,
                    1.0
                ]
            ],
            "colmap_im_id": 35
        },
        {
            "file_path": "images/frame_00036.jpg",
            "transform_matrix": [
                [
                    -0.80438,
                    0.23106,
                    0.54735,
                    -2.48719
                ],
                [
                    -0.09674,
                    0.85805,
                    -0.50438,
                    1.65005
                ],
                [
                    -0.58619,
                    -0.45866,
                    -0.66784,
                    -0.67383
                ],
                [
                    0.0,
                    0.0,
                    0.0,
                    1.0
                ]
            ],
            "colmap_im_id": 36
        },
        {
            "file_path": "images/frame_00037.jpg",
            "transform_matrix": [
                [
                    -0.84168,
                    0.19257,
                    0.50447,
                    -2.6692
                ],
                [
                    -0.09241,
                    0.8691,
                    -0.48594,
                    1.65733
                ],
                [
                    -0.53201,
                    -0.45562,
                    -0.7137,
                    -0.60249
                ],
                [
                    0.0,
                    0.0,
                    0.0,
                    1.0
                ]
            ],
            "colmap_im_id": 37
        },
        {
            "file_path": "images/frame_00038.jpg",
            "transform_matrix": [
                [
                    -0.7553,
                    0.2083,
                    0.62139,
                    -2.87839
                ],
                [
                    -0.13399,
                    0.87904,
                    -0.45754,
                    1.65771
                ],
                [
                    -0.64153,
                    -0.42884,
                    -0.63603,
                    -0.69413
                ],
                [
                    0.0,
                    0.0,
                    0.0,
                    1.0
                ]
            ],
            "colmap_im_id": 38
        },
        {
            "file_path": "images/frame_00039.jpg",
            "transform_matrix": [
                [
                    -0.44636,
                    0.44398,
                    0.77695,
                    -2.91644
                ],
                [
                    -0.03921,
                    0.8577,
                    -0.51265,
                    1.64724
                ],
                [
                    -0.89399,
                    -0.25929,
                    -0.36544,
                    -0.88279
                ],
                [
                    0.0,
                    0.0,
                    0.0,
                    1.0
                ]
            ],
            "colmap_im_id": 39
        },
        {
            "file_path": "images/frame_00040.jpg",
            "transform_matrix": [
                [
                    -0.45141,
                    0.46853,
                    0.75941,
                    -3.00952
                ],
                [
                    -0.06193,
                    0.83256,
                    -0.55047,
                    1.64657
                ],
                [
                    -0.89016,
                    -0.29552,
                    -0.34681,
                    -0.89977
                ],
                [
                    0.0,
                    0.0,
                    0.0,
                    1.0
                ]
            ],
            "colmap_im_id": 40
        },
        {
            "file_path": "images/frame_00041.jpg",
            "transform_matrix": [
                [
                    -0.28159,
                    0.40829,
                    0.86833,
                    -3.1133
                ],
                [
                    -0.16435,
                    0.87106,
                    -0.46287,
                    1.65427
                ],
                [
                    -0.94536,
                    -0.27305,
                    -0.17818,
                    -1.18928
                ],
                [
                    0.0,
                    0.0,
                    0.0,
                    1.0
                ]
            ],
            "colmap_im_id": 41
        },
        {
            "file_path": "images/frame_00042.jpg",
            "transform_matrix": [
                [
                    -0.08304,
                    0.45229,
                    0.888,
                    -3.2466
                ],
                [
                    -0.04774,
                    0.88824,
                    -0.45688,
                    1.6572
                ],
                [
                    -0.9954,
                    -0.08034,
                    -0.05217,
                    -1.29014
                ],
                [
                    0.0,
                    0.0,
                    0.0,
                    1.0
                ]
            ],
            "colmap_im_id": 42
        },
        {
            "file_path": "images/frame_00043.jpg",
            "transform_matrix": [
                [
                    -0.20378,
                    0.50034,
                    0.84151,
                    -3.37254
                ],
                [
                    -0.065,
                    0.85073,
                    -0.52157,
                    1.6479
                ],
                [
                    -0.97686,
                    -0.16098,
                    -0.14084,
                    -1.3943
                ],
                [
                    0.0,
                    0.0,
                    0.0,
                    1.0
                ]
            ],
            "colmap_im_id": 43
        },
        {
            "file_path": "images/frame_00044.jpg",
            "transform_matrix": [
                [
                    -0.01677,
                    0.55124,
                    0.83418,
                    -3.5237
                ],
                [
                    -0.04654,
                    0.83296,
                    -0.55138,
                    1.63313
                ],
                [
                    -0.99878,
                    -0.04807,
                    0.01169,
                    -1.54496
                ],
                [
                    0.0,
                    0.0,
                    0.0,
                    1.0
                ]
            ],
            "colmap_im_id": 44
        },
        {
            "file_path": "images/frame_00045.jpg",
            "transform_matrix": [
                [
                    -0.02141,
                    0.5833,
                    0.81197,
                    -3.5899
                ],
                [
                    -0.0249,
                    0.8116,
                    -0.58369,
                    1.63511
                ],
                [
                    -0.99946,
                    -0.03272,
                    -0.00285,
                    -1.49113
                ],
                [
                    0.0,
                    0.0,
                    0.0,
                    1.0
                ]
            ],
            "colmap_im_id": 45
        },
        {
            "file_path": "images/frame_00046.jpg",
            "transform_matrix": [
                [
                    0.15379,
                    0.55937,
                    0.81453,
                    -3.65744
                ],
                [
                    -0.0154,
                    0.82559,
                    -0.56406,
                    1.62906
                ],
                [
                    -0.98798,
                    0.07421,
                    0.13558,
                    -1.59023
                ],
                [
                    0.0,
                    0.0,
                    0.0,
                    1.0
                ]
            ],
            "colmap_im_id": 46
        },
        {
            "file_path": "images/frame_00047.jpg",
            "transform_matrix": [
                [
                    0.08092,
                    0.5073,
                    0.85796,
                    -3.66273
                ],
                [
                    -0.09176,
                    0.86092,
                    -0.5004,
                    1.64341
                ],
                [
                    -0.99249,
                    -0.03824,
                    0.11621,
                    -1.59751
                ],
                [
                    0.0,
                    0.0,
                    0.0,
                    1.0
                ]
            ],
            "colmap_im_id": 47
        },
        {
            "file_path": "images/frame_00048.jpg",
            "transform_matrix": [
                [
                    -0.04342,
                    0.51234,
                    0.85769,
                    -3.59376
                ],
                [
                    -0.09026,
                    0.85297,
                    -0.51409,
                    1.55199
                ],
                [
                    -0.99497,
                    -0.09974,
                    0.0092,
                    -1.52568
                ],
                [
                    0.0,
                    0.0,
                    0.0,
                    1.0
                ]
            ],
            "colmap_im_id": 48
        },
        {
            "file_path": "images/frame_00049.jpg",
            "transform_matrix": [
                [
                    0.11979,
                    0.15341,
                    0.98088,
                    -3.51479
                ],
                [
                    0.00166,
                    0.98796,
                    -0.15472,
                    1.13784
                ],
                [
                    -0.9928,
                    0.02016,
                    0.11809,
                    -1.58806
                ],
                [
                    0.0,
                    0.0,
                    0.0,
                    1.0
                ]
            ],
            "colmap_im_id": 49
        },
        {
            "file_path": "images/frame_00050.jpg",
            "transform_matrix": [
                [
                    0.18778,
                    -0.12924,
                    0.97367,
                    -3.54375
                ],
                [
                    -0.01752,
                    0.99071,
                    0.13488,
                    0.97455
                ],
                [
                    -0.98205,
                    -0.04239,
                    0.18377,
                    -1.55572
                ],
                [
                    0.0,
                    0.0,
                    0.0,
                    1.0
                ]
            ],
            "colmap_im_id": 50
        },
        {
            "file_path": "images/frame_00051.jpg",
            "transform_matrix": [
                [
                    0.10767,
                    0.0164,
                    0.99405,
                    -3.51377
                ],
                [
                    -0.03529,
                    0.9993,
                    -0.01266,
                    0.92191
                ],
                [
                    -0.99356,
                    -0.03371,
                    0.10817,
                    -1.5948
                ],
                [
                    0.0,
                    0.0,
                    0.0,
                    1.0
                ]
            ],
            "colmap_im_id": 51
        },
        {
            "file_path": "images/frame_00052.jpg",
            "transform_matrix": [
                [
                    0.09861,
                    -0.00782,
                    0.9951,
                    -3.52604
                ],
                [
                    -0.05731,
                    0.99826,
                    0.01352,
                    0.92722
                ],
                [
                    -0.99347,
                    -0.05836,
                    0.09799,
                    -1.60933
                ],
                [
                    0.0,
                    0.0,
                    0.0,
                    1.0
                ]
            ],
            "colmap_im_id": 52
        },
        {
            "file_path": "images/frame_00053.jpg",
            "transform_matrix": [
                [
                    0.10349,
                    -0.00214,
                    0.99463,
                    -3.53112
                ],
                [
                    -0.05947,
                    0.9982,
                    0.00833,
                    0.9275
                ],
                [
                    -0.99285,
                    -0.06001,
                    0.10318,
                    -1.61091
                ],
                [
                    0.0,
                    0.0,
                    0.0,
                    1.0
                ]
            ],
            "colmap_im_id": 53
        },
        {
            "file_path": "images/frame_00054.jpg",
            "transform_matrix": [
                [
                    0.11549,
                    0.01015,
                    0.99326,
                    -3.52904
                ],
                [
                    -0.03931,
                    0.99921,
                    -0.00564,
                    0.92517
                ],
                [
                    -0.99253,
                    -0.03839,
                    0.1158,
                    -1.60528
                ],
                [
                    0.0,
                    0.0,
                    0.0,
                    1.0
                ]
            ],
